0.00525
0.004716667
0.015483333
0.005866667
0.0033
0.005566667
0.009616667
0.011516667
0.011683333
0.011583333
0.006216667
0.003566667
0.0226
0.0089
0.004116667
0.01545
0.0036
0.003116667
0.005516667
0.004
0.007016667
0.012166667
0.0097
0.005983333
0.0072
0.025516667
0.018183333
0.006033333
0.003916667
0.019383333
0.0093
0.003966667
0.021166667
0.027533333
0.02085
0.006716667
0.003366667
0.003683333
0.005816667
0.006533333
0.028683333
0.026
0.010966667
0.0096
0.001266667
0.004333333
0.002516667
0.003883333
0.001583333
0.002483333
0.030316667
0.018816667
0.024566667
0.028083333
0.009133333
0.005916667
0.011183333
0.002366667
0.020866667
0.008716667
0.002733333
0.011466667
0.014733333
0.015216667
0.014916667
